-0.95
-1.9
-10.95
-2.45
6.5
-1.05
12.3
13
-0.45
1.85
-13.5
-4.5
-4.4
4.4
-9.2
-30
-13.9
-14.9
4.25
0.75
-6.05
3.05
4.55
-9.3
3.05
3.4
10.85
2.6
-5.6
-0.5
3.85
1.1
-4.25
6.75
-1
16.45
15.3
-2.75
1.8
-19.75
-0.7
-0.95
-13.9
-31.05
-22.85
13.35
2.25
-2.45
-15.75
3.25
-2
-26.9
0.75
1.6
-0.7
-0.45
-8.45
-16.25
11.65
-11.3
10.3
5.15
-6.6
-7.45
-7.5
2.45
3.7
-35.3
4.65
4.65
-10.55
7.95
-2.3
11.3
13.25
12.45
-0.85
2.65
11
-10.95
26.5
-14.7
12.65
13.05
-1.3
-18.7
4.5
12.3
3.95
-21.8
-5.3
-4.85
7.95
20
-9.15
18.3
-6.75
11.55
4.25
11.1
-5.3
-8.5
-6.05
8.5
-6.35
16.15
1.4
-4.65
-4.1
3.45
11.25
5.75
3.55
-1.6
-15.2
-2.3
-11.6
4.45
-14.3
-7.45
-2.65
-3.9
1.55
0.4
-5.8
30.55
0.25
2.8
9.2
7.45
-1.55
0
10.05
-0.3
-6.15
-2.3
-3.95
2.4
10.4
-11.85
6.7
13.95
-16.4
2.85
21.4
9.85
-5.2
0.1
3.05
-0.25
-12.45
-1.6
-5.95
0.95
3.65
-11
-5.15
-21.85
-0.4
1.75
-9.4
2.55
0.2
8.1
2.05
0.9
23.2
-1.5
-3.9
6.85
1.35
-7.65
4.4
8.1
-2.35
3.5
-1.35
10.1
5
13.55
-2.5
-17.9
-6.55
-0.15
-4.4
13.5
-20.95
0.85
-7.25
-5.95
0.3
8.3
4.9
-10.45
4.3
-1.55
-4.5
-1.25
-13
-5.5
-3.45
4.6
-9.25
-3.75
-0.85
7.75
0.1
11.4
3.8
6.65
1.4
-3.45
9.85
7
-1.15
-6.3
13
3.8
2.65
3.4
-1.35
-1.5
-10.4
0.3
3.8
9.25
13.35
1.7
-3.8
-12
2.45
12.4
10.65
-2.9
-8.7
2.45
2.35
-3.7
33.35
-10.15
3.25
8.65
12.7
2.45
2.3
5.65
2.75
-12.05
-7.7
1.05
-3
-1.7
-10.75
-2.5
1.7
-19.2
2.7
-1.5
6.75
-17.5
0.8
-0.25
-9.4
-2.45
3
0.25
-12.7
16.95
12.65
-2.15
1
9.35
3.7
-18.55
-4.55
6.2
-5.2
-6.3
1.55
-1.45
-1.25
-7.3
5.55
-1.85
6.9
2.15
-12
3.7
4.7
8.4
0.8
-0.5
-6.35
-3.35
7.6
-2.2
4.35
1.85
-2.9
3.65
3.4
0.15
4.4
-3.05
-8
-3.65
-4.7
-2.05
-7.15
-2.6
-8.7
-4.35
-3.5
-6.25
1.75
8.35
3.6
6
-0.25
4.2
0
11.6
2.85
-0.4
2.65
2.8
-8.95
8.75
3.3
3.75
12.45
-5.4
1.8
-3.45
2.75
-2.35
0.8
20.3
1.25
-1.8
-9.3
1.05
0.15
-3.7
-10.2
2.45
-2.2
-6.75
-9.2
-1.35
8.2
3.05
10.9
16.2
-0.35
-5.5
-6.75
-9.35
-2.15
-0.4
5.55
-7.75
-7.9
-10.1
14.55
-1.9
11
-2
-8.4
-0.4
-1.45
3.6
0.8
-4.8
-8.65
2.3
-1.4
10.35
7.8
17.45
5.8
-10.95
-9
-8.6
9.6
3.85
-9.6
3.5
0.75
7
11.8
-9.4
2.35
5.65
-7.25
9.35
-2.85
-11.85
-12.45
4.55
-7.2
-0.95
0.8
-8.3
-6.1
-2.9
10.85
-5.65
-2.8
7.25
4.95
5.55
-4.5
-24.85
-3.75
-1.75
-1.2
0.05
4.7
-4.05
15.85
-1.35
-8
5.2
4.65
-10.75
0.85
-3.4
8.05
-2.85
1
1.35
-0.95
-2.5
6.6
-17.5
-3.7
-5.4
-1.95
-8.05
3
-0.45
-8.4
-5.7
-3.05
-1.1
-2.65
3.95
3.9
-0.15
-0.15
6.7
-8.05
-2.6
-5.5
-4.2
-0.6
-8.3
-8.3
-6.95
11.2
-3.8
3.4
3.15
-3.25
-4.3
-0.15
-2.85
-1.95
-3.55
0.85
-6.65
2.7
-2.8
4.8
0.05
-14.05
-3.35
-15
-1.6
-2
5.95
6.6
5.7
-4.3
5.35
14.55
-8.05
-6.9
5.15
-2.4
-9.2
5.85
8.45
-6.25
-2.3
-6.75
5.75
14.2
-7.85
-0.05
-1.7
3.1
5.05
-9.65
4.05
-0.85
-7.65
-8.85
1.85
2.1
15.35
-3.5
2.25
0.35
-16.85
-1.4
3.05
16.95
14.2
10.2
0.75
-1.65
-6.05
4.85
-5.55
13.65
-5.4
0.25
3.05
-3.05
-5.4
-10.45
16.2
0.95
0.15
-0.65
-1.65
-5.8
-12.75
-5.85
-3.45
1.15
8.6
10.55
-0.8
1.4
3.1
0.95
-3.4
-0.25
-2.2
-7.95
13
-8.7
12.75
10
-4.4
6.65
0.75
2.05
-0.05
0.45
-3
-7.4
6.3
4.65
8.7
4.75
-1.6
11
7.55
-10.55
12.3
-5.75
2.15
3.3
-2.95
3.8
1.65
-2.1
-1.6
-6.5
-4.65
2.55
-2.3
3.9
10.2
8.25
5.4
3.15
12.55
-4.55
-6.55
2.05
-1.8
-2.4
4.85
-8.45
3.6
2.8
-1.35
5.1
8.95
8.65
9.6
-12.5
-2.2
2
-6
-2.2
-3.7
-7.2
-26.55
-1.6
2.05
-0.55
11.45
-4
4.3
9.9
-11.4
7.95
2.1
2.1
-4
5.9
1.7
8.25
-3.25
-6.6
-14.55
0.25
-1.9
-3.2
0.15
-7.3
5.3
11.55
3
2.45
-6.65
-4.5
-8.65
-9.3
-0.5
-0.15
-6.2
2.15
9.15
3.4
-4.7
2.8
1.5
-12.85
7.6
2.65
4
0.9
1
8.5
2.8
0.7
-7.4
-10.9
-3.95
-5.7
2.65
9.85
-1.15
-4.2
3.35
-0.7
14.6
21.55
7.15
10.8
0.45
5.15
-12.05
-4.3
8.05
3.55
15.35
-9.95
0.05
2.7
35.45
17.65
8.55
25.7
-27.45
-1.45
6.5
-18.9
0.95
22.45
1.4
-26.25
11.45
-8.55
16.75
5.45
-6.15
4.8
-2.55
0.5
7.1
22.25
-11.95
-2.2
1.4
-10.85
4.3
-1.35
6.85
1.65
-20.75
34.95
23.5
0
40.8
-10.3
1.95
7
-6.3
14.85
2.4
-0.4
-18.65
7.95
-1.3
-1.2
1.75
29.15
4.2
3.05
-11.8
-2.45
11.9
8.25
-17
-5.4
-14.5
-10.95
-7.6
24.55
-12.1
-5.9
4.9
1.4
-2.8
1.2
20.2
-1.45
8.1
-22.35
-16.5
-4.6
-11.85
19.15
24.5
-17.95
2.1
4.6
1.4
-12.45
-15.65
11.45
-2.8
-2.7
7.55
-2.65
1.65
-6.3
9.1
2.1
16.9
-21.05
-5.65
5.35
18.85
-2.15
0.65
-20.5
-2.9
-1.8
-20.1
-5.45
-6.65
10.85
3.75
0.25
0.75
0.8
3.25
-4.65
-2.6
-6.05
-3.75
-0.3
0.3
5.5
1
16.15
-2.2
0.85
-16.3
2.05
3.25
1.85
1
-1.2
11.3
-2.1
-1.75
2.65
2.3
3.1
3.25
21.65
24.35
-5.25
4.1
-21.2
2.85
-3.7
-4.8
3.9
5.55
3.05
2.55
-8.85
5.6
6
1.4
15.8
-6.1
-0.55
4.8
5.95
-9.45
-16.4
-5.05
10
9.35
0.55
-2.7
-6.8
11.35
6.35
-0.6
9.05
14.35
14.8
24.3
28.35
-21.35
-15.4
17.1
-42.15
-10.2
15.85
26.35
17.75
24.05
-11.15
-16.8
-1.95
-83.05
-7.9
-75.1
48.5
-38
-23.95
20.15
31
80.35
-0.3
29.35
-17.5
1
-9.35
-32.4
40.25
-3.7
35.2
0.95
-1.45
32.85
61.25
-23.25
10.85
-36.95
-6.35
-4.15
28.5
25.7
-20.35
-0.95
-23.4
11.8
-0.6
-16.5
22.85
-9.55
-8.05
12.55
-1.3
-0.35
6
23.2
3.75
-0.65
3.25
10.35
-23.4
8.65
-13.3
-25.65
22.75
11.35
1.9
11.55
-36.8
-5.3
-16.6
6.9
23.15
8.55
16.2
-4.75
-23.05
9.4
4.5
-4.85
15.25
27.1
7.05
-2.85
-9.5
-8.95
24
-3.5
2.95
6.4
-4.55
15
1.65
21.55
1
-9
4.4
-5.6
2.7
3.1
-0.35
8.3
26.9
9.85
25.9
23.8
34.55
4.25
10
6.75
7.25
-6.35
19.35
70.25
19
-36
13.35
-104.85
-7.75
12.35
0.5
28.1
35.9
-27.75
-53.85
-2.8
19.6
-32.8
21.8
-9.1
33.5
15
-25.3
-6.6
-14.15
2.15
-17.5
36.25
19.05
-18.85
11.3
-9.35
12.45
-25.55
14.6
-41.5
-3.35
-32.6
-11.65
-2.05
4.6
19.65
2.95
15.1
1.05
6.55
3.8
-28.9
2.95
35.8
2.25
-34.2
18.75
-18.15
13.15
0.55
-7.2
25.75
-23.2
2.7
-5.2
7.25
-35.75
0.35
11.55
8.05
18.4
-8.15
38.3
2.35
-73.5
11.4
-17.75
13.9
16.05
-5.3
3.45
-12.95
-18.75
18.35
-35.5
-40.6
10.6
-2.8
-28.1
-16.75
48.2
11.85
9.75
10.65
16.95
8.2
-26.4
2.6
-2.35
-10.85
19.5
1.3
38.8
-11
0.25
-2.9
-2.1
13.3
-2.85
-8.4
-11.85
-57.2
-15.65
-6
17.6
-17.1
-2.75
-5.95
1.65
21.9
5.5
-9.4
4.15
-0.25
-13.6
10.7
10.1
-0.85
-29.85
2.35
-49.55
17.05
32.3
4.35
3.05
-2.55
-23.75
0.95
-23.05
-13.55
-7.55
13.05
21.25
-7.8
-11.65
-8.35
-36.8
-8.7
-10.3
-12.45
0.7
-15.85
-9.2
29.85
-0.7
8.05
-19.45
18.85
11.35
-5.35
-3.75
9.3
0.95
-9.95
4.3
6.8
-5.5
-25.85
-22
7.1
35
18.6
-6.6
17.45
-14.3
-8.35
15.1
-12.4
21.65
17.25
0.05
3.35
20.35
-10.45
-5.95
-8.45
10.8
-11.95
-9.55
5
30.1
-15.5
30.9
23.4
3.9
-11.35
1.6
-8.9
16.3
15.6
13.05
21.7
-10.15
-2.4
4.25
6.85
12.75
-8.3
8.5
-0.6
3.4
-36.2
24.05
-2.2
4.75
1.45
-5.95
-7.6
-15.45
-0.5
-4.35
-82.05
-5.6
1.95
0
16.55
-6.75
1.8
-6.35
-24.85
7.7
18.35
4.65
5.2
18.5
-5.2
3.05
-1.7
-13.6
21.45
9.35
0.55
0.55
-9.4
8.15
-20.9
-2.7
0.15
0.6
0.15
-3.75
32.7
-3.55
-14.3
1.2
16.45
-28.35
-37.85
-24.05
-15.5
20.25
3.8
26.45
12.5
3.1
-6
-1.4
-3
22.95
6.45
-19.75
-2.1
11.9
16.35
-3.05
0.75
11.15
-2.1
-19.45
-16.15
2.25
6.35